96
0.015482579899999998
0.0163512638
0.016648331
0.0160064992
0.005019505400000001
200
0.08003358390000001
0.08485206049999999
0.0757892296
0.0706663398
0.0199586956
400
0.36909068780000004
0.3595882595
0.3412242699
0.3141569077
0.05102109290000001
800
0.8407532355
0.839147174
0.7982009804
0.8676061296
0.2080218397
1600
3.7489319085000004
3.7171764340999998
3.8273687409000003
3.7295438693
0.8059915176999999
3200
17.032030393299998
17.536634904499998
17.3218046018
17.624544942600004
3.5040901866
6400
76.2373878484
77.7055249495
80.2351957093
79.9384763484
15.877203295200001
