96
0.0198879266
0.0165200832
0.016298153000000003
0.015713549099999998
0.0045847703
200
0.0754243214
0.07664021530000001
0.077700743
0.0776037667
0.021076098300000002
400
0.3501775365
0.4031577725
0.3576026025
0.35735411679999995
0.09799406379999999
800
1.2107831941999998
1.2932323496
0.8288617436999999
0.8582472426999999
0.2104812522
1600
3.7680412699000003
3.8303799163999996
3.8761079054
3.7547074313000004
0.8355776002
3200
17.390152764099998
17.6463375154
17.9217362987
17.7909700079
3.2711860524
6400
78.5959114668
78.42042868960002
82.04945852239999
81.9832393161
15.9185614413
